V1	V2	V3
-36.60000	-1344.08000	-0.44000
-39.41000	3614.50000	-0.47000
6.10000	-126.12000	-0.08000
8.51000	434.20000	0.10700
-4.98000	398.85000	-0.08500
19.22000	166.33000	-0.09000
13.99000	-151.19000	-0.09300
32.81000	666.63000	-0.09100
24.10000	6467.75000	2.67000
45.00000	2205.50000	2.58000
1111.11000	3741.61000	4.46000
23.88000	3437.46000	3.92000
40.93000	187.59000	4.07000
36.23000	39582.23000	2.74000
42.16000	448.17000	-0.16000
15.25000	2742.19000	0.82000
33.30000	4121.64000	0.55000
18.12000	3315.09000	0.40000
29.92000	1315.73000	-2.60000
23.70000	-439.91000	4.38000
76.97000	992.24000	7.91000
24.77000	1279.51000	7.22000
-11.64000	3410.44000	3.35000
22.13000	-583.36000	4.17000
24.02000	578.46000	3.95000
-14.02000	4453.01000	0.81000
59.96000	-1252.77000	-0.42000
56.98000	39858.26000	-0.45000
-36.10000	33601.66000	-0.38000
-28.34000	6637.49000	-0.30000
-33.15000	20851.74000	0.72000
47.01000	-855.88000	3.26000
31.78000	-1043.78000	0.40000
-24.71000	2125.31000	-0.31000
-34.12000	-1164.98000	-0.39000
42.80000	-1034.47000	-0.34000
-35.73000	71339.54000	0.46000
47.16000	-1204.17000	-0.42000
-26.35000	2340.19000	-0.34000
-31.83000	1519.16000	-0.40000
-34.68000	-1214.74000	-0.39000
-33.96000	-1205.01000	-0.42000
-29.48000	-1018.05000	-0.34000
49.43000	-1035.26000	-0.38000
59.93000	-1131.01000	-0.39000
57.60000	-1116.94000	-0.37000
-26.55000	-997.02000	-0.37000
-29.25000	-1042.99000	-0.35000
26.97000	-961.39000	0.49000
363.17000	-1721.12000	-0.54000
-24.24000	-869.47000	-0.29000
43.77000	-835.11000	0.33000
-26.84000	1205.27000	-0.31000
30.53000	-786.68000	-0.30000
26.63000	-849.86000	0.35000
-17.94000	-675.47000	0.40000
20.11000	-744.30000	-0.27000
33.20000	-910.85000	-0.32000
34.04000	-1022.62000	-0.39000
-26.91000	-1045.57000	-0.38000
-29.23000	1741.22000	-0.39000
-30.08000	1335.68000	-0.40000
43.77000	-879.92000	-0.30000
-22.62000	-813.63000	-0.30000
-21.06000	-733.30000	-0.24000
45.89000	1053.90000	-0.29000
-12.09000	2103.31000	-0.13000
35.71000	171.24000	0.44000
59.73000	733.34000	0.17800
19.02000	472.26000	-0.12800
-14.36000	396.81000	-0.18900
71.65000	581.41000	-0.19400
31.51000	-178.78000	1.89000
45.46000	-145.08000	1.27000
25.47000	-137.99000	0.84000
28.40000	-158.24000	1.00000
21.01000	-754.55000	0.76000
-22.42000	-735.98000	7.38000
29.50000	-801.43000	2.50000
28.81000	-754.35000	-0.22100
-24.16000	-737.76000	0.33000
41.70000	-741.79000	1.31000
28.86000	-855.95000	5.01000
37.16000	-801.45000	8.76000
-25.87000	1057.55000	3.90000
-34.63000	-1021.09000	0.35000
35.72000	-785.69000	2.71000
25.49000	-668.23000	8.29000
-29.72000	-825.03000	1.92000
21.62000	-736.24000	0.57000
28.07000	-715.59000	-0.24000
-22.74000	914.47000	0.38000
25.97000	-695.72000	2.25000
27.20000	-692.74000	0.22000
-24.00000	-776.58000	0.31000
36.83000	976.43000	3.75000
-15.95000	-97.65000	-0.19400
-17.38000	200.46000	-0.15100
-19.64000	-100.32000	-0.22300
-17.60000	410.56000	0.46000
-17.60000	241.42000	-0.15500
67.30000	-111.78000	-0.20800
-16.88000	-121.68000	-0.20000
-16.92000	-142.94000	-0.25000
20.06000	117.61000	0.15500
-18.78000	151.71000	-0.18900
21.83000	251.65000	-0.13400
-15.09000	-127.11000	-0.20200
-15.76000	165.74000	-0.20000
-15.85000	-133.21000	0.17400
-15.74000	135.81000	-0.20200
-17.46000	103.47000	-0.23000
28.08000	115.18000	-0.16200
-16.57000	-142.32000	0.23000
-15.99000	201.98000	-0.21000
-28.37000	-185.26000	-0.20200
495.12000	-205.78000	0.29000
224.89000	404.70000	0.53000
96.38000	263.95000	-0.14900
100.27000	934.97000	0.36000
-32.84000	-255.27000	0.46000
-28.66000	-248.95000	0.25000
30.01000	-231.89000	0.24100
-27.40000	-179.45000	-0.14600
94.13000	254.11000	0.36000
-28.26000	179.65000	-0.15400
-31.38000	209.78000	-0.24000
-28.12000	-223.46000	0.19900
-30.62000	277.79000	-0.13000
-28.52000	-193.21000	-0.13100
-28.14000	-179.25000	-0.14900
-26.69000	-194.33000	-0.12800
-31.31000	-202.12000	0.18000
-29.35000	305.77000	0.24100
65.24000	472.48000	0.37800
85.31000	-178.91000	0.77000
109.29000	511.65000	0.50000
62.82000	271.85000	-0.18100
150.03000	592.64000	-0.19500
-21.30000	-215.80000	-0.22100
-20.28000	-239.44000	0.17500
-20.51000	-213.13000	-0.14700
-18.76000	190.41000	0.20000
-18.95000	-188.20000	-0.13100
-20.77000	-214.47000	-0.16100
-20.18000	-225.82000	0.31000
-23.42000	-292.87000	1.76000
19.07000	595.63000	0.88000
-18.26000	-182.45000	-0.12400
-23.88000	-217.47000	1.30000
30.45000	219.58000	1.44000
-22.03000	275.80000	0.69000
34.56000	-225.65000	1.62000
-22.91000	-208.75000	0.83000
-21.03000	-218.70000	-0.18100
-20.22000	-207.15000	0.59000
-19.09000	-220.25000	0.60000
-19.99000	-179.50000	0.61000
64.88000	-280.37000	-0.29000
-26.36000	-274.58000	0.60000
42.57000	-323.70000	-0.20000
57.80000	-275.22000	0.22000
42.69000	446.13000	0.63000
93.46000	-255.95000	0.15100
84.78000	496.28000	0.18500
93.22000	-209.62000	0.56000
88.14000	-269.37000	-0.22000
53.39000	-245.35000	-0.15300
58.09000	-230.95000	0.19800
534.13000	254.31000	0.24000
73.60000	-205.89000	0.53000
39.72000	230.22000	0.41000
90.16000	-230.22000	0.31000
45.51000	-302.05000	0.27000
178.25000	-304.85000	0.53000
-24.74000	314.36000	-0.16500
449.44000	287.24000	0.27000
102.64000	-307.87000	-0.20000
86.91000	-339.62000	-0.24200
40.30000	-307.27000	-0.24000
108.12000	849.39000	0.48000
103.84000	-132.95000	-0.15900
62.80000	182.15000	0.38600
69.71000	-165.29000	0.32300
129.33000	-157.06000	0.81000
41.85000	231.85000	0.18000
101.26000	-152.82000	0.27200
38.59000	1841.01000	-0.12100
61.98000	-165.57000	0.20800
48.21000	-154.13000	0.47200
50.94000	172.31000	0.21300
16.90000	1183.02000	0.41200
92.44000	205.82000	-0.12700
88.01000	-153.44000	0.24600
81.31000	-153.09000	0.12400
62.18000	332.05000	-0.06800
56.84000	198.72000	-0.13700
14.93000	224.69000	-0.17400
22.64000	190.70000	1.05000
83.63000	-197.80000	0.19800
-17.42000	299.90000	-0.13500
19.46000	270.50000	-0.16500
-18.67000	-172.33000	-0.16100
-18.61000	-199.17000	-0.12000
-21.61000	-226.94000	-0.19300
-19.48000	240.90000	0.11100
-17.98000	-187.73000	-0.14400
22.19000	-208.33000	-0.15700
-19.70000	277.42000	0.20300
28.86000	-206.72000	0.13200
67.05000	-272.78000	0.33000
26.56000	-259.17000	-0.21800
36.19000	676.60000	-0.18600
58.50000	222.92000	0.21200
-23.16000	1128.54000	-0.18900
44.56000	480.18000	-0.15300
29.45000	307.26000	-0.14000
56.32000	-223.21000	0.70000
28.63000	-200.70000	-0.13000
57.29000	230.11000	-0.16100
43.54000	-241.12000	-0.22500
56.28000	672.11000	-0.20000
109.00000	-228.18000	-0.16000
88.88000	503.81000	-0.14100
102.73000	310.94000	0.28000
47.69000	2720.00000	0.15900
27.99000	445.60000	0.44000
44.08000	230.35000	0.38000
28.90000	-202.67000	-0.17200
-24.85000	-253.62000	0.39000
48.19000	-260.59000	0.26000
69.31000	83.49000	0.04200
50.06000	333.19000	-0.05400
62.12000	323.32000	0.16800
78.27000	515.83000	0.57800
49.16000	269.88000	0.07400
74.84000	1332.98000	0.14900
39.76000	189.16000	0.09500
47.00000	240.62000	0.10200
57.39000	221.21000	0.14500
44.31000	199.92000	0.23300
46.87000	223.25000	0.12000
62.07000	403.86000	0.08800
48.44000	780.33000	0.10200
56.91000	225.45000	0.05800
66.07000	337.70000	0.34000
130.62000	335.12000	0.46400
55.26000	759.17000	0.10400
52.37000	325.52000	0.17900
36.46000	229.29000	0.09100
57.06000	337.78000	0.08200
57.68000	332.24000	0.16700
62.96000	365.79000	0.11800
61.90000	4608.30000	0.16900
92.68000	206.59000	0.25900
79.80000	369.12000	0.08700
43.61000	249.27000	0.04900
57.68000	-240.60000	-0.12400
52.77000	-252.91000	0.19100
37.35000	-277.50000	-0.15600
42.11000	320.78000	0.15000
35.62000	-225.34000	0.12100
53.03000	-246.04000	0.26400
42.74000	-218.12000	-0.14200
46.90000	-234.94000	0.15000
43.45000	236.39000	-0.12100
35.05000	439.82000	0.26900
61.22000	-247.85000	0.48000
50.97000	-287.60000	-0.13000
36.35000	268.23000	-0.13500
45.89000	-248.85000	0.18000
55.43000	-215.43000	-0.08600
49.75000	-198.93000	-0.13000
35.95000	-254.98000	0.80000
27.71000	-253.52000	0.16300
44.00000	-227.13000	0.22700
53.11000	229.47000	0.11400
32.71000	244.32000	-0.07300
58.09000	-220.12000	-0.12400
54.80000	-255.07000	-0.11400
48.10000	-251.94000	0.25800
56.02000	-228.65000	-0.09000
42.93000	-231.76000	-0.12700
63.84000	-219.87000	-0.15000
118.06000	322.85000	0.77000
73.78000	-226.75000	-0.13400
87.70000	453.56000	-0.09000
70.59000	-234.16000	0.09800
48.18000	314.98000	-0.07500
82.49000	755.93000	-0.10600
51.44000	569.58000	1.36000
57.69000	-262.50000	0.94000
47.70000	260.02000	0.34800
52.94000	-250.15000	-0.14400
47.20000	-255.16000	-0.16300
59.69000	-223.47000	-0.16100
48.99000	-247.49000	0.23500
226.37000	277.65000	0.78000
55.72000	324.12000	-0.08500
38.50000	-220.79000	-0.11300
81.88000	-221.47000	-0.15200
199.44000	-231.93000	-0.14900
78.90000	-242.55000	0.68000
74.41000	-213.49000	0.14500
390.97000	-218.00000	1.58000
189.75000	-222.47000	0.84000
486.55000	-237.80000	0.83000
72.44000	-242.50000	1.30000
26.93000	-244.23000	-0.09000
34.35000	-232.68000	1.45000
93.57000	-223.81000	0.42000
57.64000	-248.89000	0.54000
61.08000	-237.92000	0.97000
76.64000	-252.01000	0.69000
62.93000	-232.25000	0.75000
26.98000	-249.26000	-0.09000
23.10000	-212.39000	-0.11700
115.23000	-247.24000	0.70000
43.30000	631.12000	0.49000
68.00000	-218.36000	-0.07800
30.37000	-252.77000	-0.14600
151.73000	-259.47000	0.25900
81.75000	-220.72000	-0.09200
132.05000	-247.37000	0.34000
103.95000	-248.55000	0.22300
115.69000	-253.47000	0.55000
119.63000	-238.50000	0.40000
69.27000	313.60000	0.10400
114.33000	-258.47000	0.27200
89.83000	-235.18000	0.18200
16.18000	-221.94000	-0.11600
115.73000	-218.04000	0.59000
117.93000	-248.48000	0.32700
134.45000	-249.99000	0.36300
81.64000	-247.65000	-0.12200
80.24000	315.24000	0.11300
-9.03000	-220.48000	-0.11700
118.17000	-251.15000	0.21700
96.29000	-232.23000	-0.17500
122.66000	-245.43000	0.24200
16.00000	320.55000	0.15200
143.79000	-239.70000	0.50000
103.62000	-242.41000	0.14000
24.38000	-193.07000	1.08000
49.90000	314.06000	0.68000
-26.98000	217.38000	1.44000
-22.22000	-227.79000	0.47000
-25.70000	-215.57000	0.83000
136.13000	555.33000	0.53000
-21.81000	199.96000	0.73000
-23.28000	-233.55000	0.62000
-22.95000	207.67000	0.49000
31.75000	-211.18000	0.54000
-24.90000	519.73000	0.82000
-22.80000	306.93000	0.96000
-25.69000	-224.72000	0.70000
-23.54000	286.60000	0.53000
-24.21000	336.80000	0.55000
-24.20000	369.10000	9.78000
-25.31000	-292.38000	6.53000
37.12000	-169.74000	0.26000
-19.48000	489.80000	0.67000
48.96000	413.64000	2.48000
65.65000	-210.22000	0.91000
-19.74000	-188.90000	1.20000
-26.34000	-268.31000	0.69000
37.72000	-223.33000	0.74000
-31.33000	-454.74000	0.51000
-36.91000	631.38000	-0.17900
37.12000	-536.98000	0.47000
90.17000	-554.99000	-0.20000
-64.04000	-564.96000	-0.24000
-71.33000	1095.20000	-0.31000
98.13000	174.98000	-0.25000
169.60000	305.32000	0.66000
136.88000	192.98000	0.38000
149.34000	262.85000	0.22000
49.58000	260.14000	-0.16900
-29.14000	-474.21000	0.82000
23.38000	338.51000	-0.23000
67.83000	-128.39000	-0.21000
68.01000	-186.00000	-0.23000
152.20000	152.53000	0.40000
132.28000	-150.70000	-0.19000
60.89000	-153.79000	0.26000
234.53000	-97.71000	-0.26000
55.48000	841.17000	0.23000
75.74000	-516.44000	0.65000
68.11000	-457.74000	0.29000
38.74000	-478.86000	0.36000
42.31000	-585.74000	-0.17200
47.61000	-575.18000	0.26000
6269.02000	744.81000	1.75000
58.54000	188.55000	0.14700
108.85000	150.77000	0.20900
54.12000	185.89000	0.51500
43.50000	162.91000	0.54800
68.07000	266.72000	0.92300
47.17000	146.20000	0.70200
75.14000	139.77000	0.07300
60.72000	193.96000	0.83500
35.43000	137.68000	0.32800
65.86000	110.17000	0.24200
37.97000	127.49000	0.61600
163.48000	249.18000	0.15600
43.51000	117.84000	0.84100
75.65000	243.18000	0.20300
101.69000	151.97000	0.25100
137.02000	197.93000	0.23500
32.81000	163.85000	1.23000
13.67000	85.22000	0.15100
39.69000	196.93000	0.29200
110.91000	227.34000	0.23800
97.52000	159.55000	0.11700
123.74000	309.59000	0.43700
266.92000	132.55000	0.24300
121.10000	-78.81000	0.23200
123.24000	236.98000	0.21700
122.24000	150.89000	0.24600
390.81000	1031.61000	0.45800
20.54000	396.51000	0.12200
10.67000	84.46000	4.54000
20.44000	220.70000	4.48000
43.82000	199.00000	1.00000
11.66000	92.55000	0.48100
11.28000	88.67000	0.10600
11.01000	145.95000	0.10300
10.63000	733.21000	0.09800
10.56000	168.43000	0.10000
9.94000	301.27000	0.09300
10.15000	219.65000	0.12100
11.36000	147.33000	0.11700
10.90000	1028.29000	0.13700
13.76000	5769.93000	0.09000
10.66000	823.08000	0.12900
19.56000	580.24000	0.11200
11.69000	145.71000	0.10800
16.98000	152.28000	0.31700
147.54000	479.84000	0.30600
11.01000	90.83000	0.12800
18.22000	340.58000	0.17300
9.85000	327.05000	0.10100
17.89000	81.95000	3.35000
10.06000	172.12000	6.29000
20.75000	479.01000	10.91000
61.57000	1162.84000	3.68000
10.19000	442.71000	1.58000
15.26000	246.12000	0.18700
11.46000	467.16000	0.11000
10.08000	579.33000	0.11500
12.03000	423.47000	0.15500
13.00000	341.85000	0.09400
9.71000	800.13000	0.12400
52.85000	187.31000	0.35000
12.86000	110.86000	0.09500
13.74000	309.97000	0.09000